0
0
0
0
0
0
0
0
0
0
0
0
0
220
220
220
240
240
250
260
260
270
6950
0
0
0
0
0
0
240
240
210
220
220
220
6920
520
0
600
0
520
510
220
210
520
250
250
250
520
510
250
250
520
520
6470
240
270
0
0
0
0
0
0
220
450
7060
210
660
650
230
230
290
290
300
280
520
240
450
6090
530
520
520
0
520
510
280
250
540
520
6050
260
250
0
0
0
0
230
220
7270
450
220
240
6050
300
6380
310
0
510
6790
220
0
520
520
740
730
520
520
250
7000
530
510
240
250
0
2760
450
210
440
240
520
520
3210
520
520
520
6300
530
520
0
250
0
0
0
0
0
0
450
220
440
430
450
6020
300
660
6690
290
6020
500
490
240
0
270
520
280
0
220
210
510
820
650
290
460
230
230
450
240
250
260
530
0
0
240
670
220
250
260
530
520
6730
0
220
6600
500
250
260
520
6890
0
210
220
220
240
3830
520
250
6510
210
210
430
240
250
260
520
0
6680
430
440
450
250
250
0
0
0
0
0
0
0
0
0
0
0
240
280
530
2860
240
270
530
240
520
260
530
290
530
240
520
520
280
240
520
520
280
210
710
730
540
520
540
780
240
520
540
770
770
280
270
520
520
520
250
1040
1150
290
230
490
490
520
520
520
0
0
0
540
520
2080
490
0
0
0
0
0
0
0
0
0
0
0
0
210
660
640
240
250
260
540
260
6840
0
0
0
0
0
0
0
440
0
640
640
450
220
6690
660
660
610
520
520
470
450
200
520
520
490
250
520
250
250
250
520
520
6780
490
250
0
0
0
0
0
450
5800
6730
440
650
230
240
290
320
310
290
530
520
460
6750
530
530
270
520
540
520
520
520
240
530
7110
250
250
0
0
0
0
0
220
220
6760
450
430
230
6780
6130
320
6770
290
530
500
6760
430
0
770
760
740
250
520
520
490
5810
530
250
250
490
0
0
0
200
210
470
260
520
3920
530
520
520
6120
520
520
6050
250
0
0
0
0
0
0
0
0
0
0
0
0
0
0
0
0
0
0
0
0
0
0
0
0
0
440
210
230
240
270
260
0
0
0
0
0
240
210
640
640
220
7450
290
650
640
290
520
520
520
470
6770
510
250
240
250
520
520
250
250
530
520
6080
250
260
0
0
0
0
0
0
450
6880
7310
660
650
450
240
290
650
610
290
250
240
430
5200
530
520
550
520
540
510
520
520
240
260
520
530
250
0
0
0
0
0
230
220
7320
450
220
230
6170
290
280
6820
630
550
520
5820
220
0
520
760
490
490
510
240
490
5920
530
250
0
0
0
0
420
210
210
470
250
520
3860
520
260
520
0
530
520
0
0
0
0
0
0
0
0
0
450
440
440
450
6190
0
660
6360
0
5900
490
490
0
0
520
250
0
0
210
190
490
670
0
0
220
230
440
0
250
250
260
510
0
230
210
650
240
240
250
530
260
6370
220
430
6080
250
250
260
260
6700
0
430
440
0
500
4330
530
0
0
210
430
220
490
490
260
0
0
0
220
450
460
490
490
0
0
0
0
0
0
0
0
0
0
0
0
280
530
260
240
550
530
240
260
250
840
290
540
240
540
530
260
220
520
510
540
220
690
700
540
7140
550
770
260
240
550
770
770
250
0
270
520
530
250
520
1140
240
250
500
490
260
500
250
0
0
0
540
530
530
510
0
0
0
0
0
0
0
0
0
0
0
0
220
440
650
210
500
260
260
260
6160
0
0
0
0
0
0
0
470
470
650
650
430
7250
6360
630
620
0
0
510
470
410
0
530
250
490
250
0
500
500
250
260
520
6930
490
240
0
0
0
0
0
450
6580
6750
440
440
450
240
630
0
300
270
250
500
430
5650
530
520
250
0
530
520
540
250
540
530
5750
250
250
0
0
0
0
0
220
430
6190
460
430
240
7390
5850
1150
6490
620
0
510
5730
430
0
770
770
720
720
260
490
490
7490
530
530
500
500
0
0
410
210
240
490
260
0
0
530
260
250
5970
540
530
0
490
0
0
0
0
