0
0
0
0
0
0
0
0
0
0
0
0
0
0
0
0
0
0
0
0
0
0
0
0
0
0
0
0
0
0
0
0
1590
1640
0
2120
0
0
0
0
0
0
0
0
0
0
0
0
1400
1580
0
0
0
0
1580
1620
0
0
0
0
0
0
0
0
0
0
0
0
0
0
0
0
1560
0
0
0
0
0
0
0
0
0
0
0
0
0
1570
1570
0
2120
0
0
0
2390
2480
2390
2360
0
0
0
0
0
0
1540
0
0
0
0
0
0
0
0
0
0
0
0
0
0
0
0
0
0
0
2350
0
2400
0
0
0
0
0
0
0
1880
0
1400
0
0
0
0
0
0
1390
0
0
0
0
0
0
0
0
0
0
0
0
0
1450
1600
0
0
0
2370
0
0
0
0
0
0
2070
0
0
0
0
0
0
1570
1600
0
0
0
0
0
0
0
0
0
0
0
0
0
0
0
0
0
0
0
0
0
0
0
0
0
0
0
0
0
1290
1550
0
0
0
0
5730
2620
0
1230
0
0
870
1000
5770
0
0
1260
0
0
470
1560
1570
0
0
0
0
0
0
0
0
0
0
0
0
0
2350
0
0
850
0
0
0
0
870
5600
5730
5600
1400
0
860
5600
5320
5700
5390
5680
5940
0
470
5460
1560
0
0
0
0
0
0
0
0
5690
0
0
0
0
0
5690
1530
1580
1570
3460
0
0
1580
2630
1250
5430
5520
2710
1760
0
0
0
1610
5720
0
1260
1250
0
1570
1390
0
0
0
5610
5590
5660
1400
5590
1580
5500
5500
420
420
5510
0
5680
6010
1590
0
1250
1050
1050
1590
0
1450
1530
1590
1750
1380
5510
5520
5530
5520
0
0
0
0
0
0
0
0
0
0
0
0
0
0
0
0
0
0
0
0
880
870
5580
0
5520
1040
1400
5520
6080
5950
5640
5550
350
5340
5590
340
5820
5840
5870
6400
5850
780
6010
0
0
0
0
0
0
0
0
0
0
5970
5310
0
5810
0
5600
5700
2390
310
6950
1230
1570
5820
5320
5810
6030
5970
5950
6000
5870
1040
940
6040
5860
5750
210
1060
830
1450
980
1560
1580
5710
0
0
1570
0
0
5510
0
0
3580
0
1410
1390
1570
1590
2700
5630
0
5730
1580
1560
5700
5780
890
980
5950
1400
0
5650
5820
5500
1400
1400
0
0
0
0
230
0
0
1400
1390
1400
1370
2720
410
410
390
2560
350
5740
5860
1370
2720
990
3710
3700
990
1010
5670
6650
6690
1310
2620
1050
990
1100
910
0
0
0
0
0
0
0
0
0
0
0
0
0
0
0
0
2640
5500
5480
2610
1560
1060
1050
5570
2500
2450
1400
2500
2620
2640
2380
1250
1240
960
890
1040
6280
520
2350
5480
5490
2620
2600
2600
2610
2620
2580
0
0
2350
2350
2620
2600
0
3670
1040
2600
2610
2620
2620
1280
5590
2840
2820
790
6690
6940
5570
890
5270
2650
550
2850
880
880
880
2830
2790
2800
2800
2800
2810
2800
890
880
880
2760
2800
2800
0
0
0
890
2860
5500
2600
770
5510
2600
5480
2820
2470
2820
2770
2310
2650
2350
6800
1240
5570
870
5510
5490
1040
2660
2590
2610
2630
2610
2620
2620
2610
2650
2620
2640
2600
2620
2610
5490
0
2620
490
5350
1040
1020
1810
1880
5810
2110
2510
3160
1970
5570
2650
1430
1450
1450
7000
1820
880
880
880
2180
2790
5600
5610
5600
2810
2490
980
1030
0
920
940
5820
5850
5430
920
930
1080
1040
240
930
1240
1330
1600
5610
890
5530
1260
5780
5640
1060
5740
890
5260
940
930
1410
0
0
0
0
0
0
5650
5940
5270
5500
5710
5610
930
910
6030
5950
5640
5870
0
1290
240
930
1250
5420
1310
900
1460
0
5560
1280
880
880
1480
890
5600
930
1240
870
890
0
1300
1310
870
0
0
0
860
540
0
940
930
5630
5910
5370
870
930
920
1310
5400
1250
920
1290
1320
5670
890
890
2740
2490
420
2820
5850
5480
880
940
930
930
0
0
0
0
0
0
5440
0
5400
5470
2350
1260
930
930
6170
5500
5570
5570
1610
1250
5410
1370
1420
1390
1330
950
1410
1410
850
870
1460
1460
1690
890
5740
1560
1540
1440
1390
2020
1830
940
1560
0
0
0
0
1020
530
880
930
5970
5850
1340
5500
930
930
1310
5300
930
930
930
2630
5620
890
1450
5620
1540
5770
1060
5670
5590
890
950
930
5570
1410
0
0
0
0
0
0
5640
6030
5270
5710
5540
5620
920
6030
5520
5640
5570
0
1290
240
920
1250
5470
1300
900
880
2940
5500
0
900
880
6710
890
290
910
940
1240
880
890
1040
1310
1310
1030
0
0
0
1030
530
880
940
5870
5620
5350
5420
930
920
1310
5410
900
930
910
1290
5640
5680
890
5510
2480
2490
5650
6240
6150
1740
1540
940
920
1290
1030
0
0
0
0
0
0
5410
5500
2350
5440
1250
930
5410
5280
1260
5570
930
1600
990
1340
1050
1400
1320
940
1050
1390
1420
1640
0
0
0
0
0
0
0
0
0
0
0
0
0
0
0
0
0
1540
1610
0
0
0
0
0
0
0
0
0
0
0
0
0
1870
0
1410
1560
1400
1390
0
0
0
1260
1400
1410
0
0
1240
1240
0
1040
0
0
0
0
0
1540
0
0
0
0
0
0
0
0
0
0
0
0
0
0
0
0
0
0
1450
0
0
0
0
0
0
0
0
0
0
0
0
0
0
0
0
0
0
0
0
0
0
0
0
0
0
0
1330
1040
5650
5700
5960
5810
1040
6170
860
890
1450
1450
6060
880
5560
1240
1260
2820
930
860
990
0
1310
1300
1310
1310
1300
880
1420
0
0
0
0
0
0
0
5660
5700
5670
990
5970
2680
2800
6780
5970
6920
2630
590
5650
2630
5440
1840
6890
2610
2680
5560
2680
5970
1020
250
840
930
930
930
920
920
950
0
0
0
0
0
0
0
0
5850
5670
1030
930
1040
790
5380
2770
0
1410
1750
5630
5570
0
5620
1240
1300
1590
2100
2070
5530
2360
5640
5860
880
1860
1890
920
880
5690
240
2610
2650
1820
2630
1330
1540
260
1310
1310
2610
1820
2620
1310
5530
5620
5620
5610
950
970
980
6700
980
990
980
980
990
990
990
1330
2120
2580
0
0
0
0
0
0
0
0
0
0
0
0
0
0
0
0
2620
5500
5730
2610
1310
1330
1820
2820
2500
2450
5930
2350
2340
2360
2390
1230
0
960
520
790
6280
1260
1830
5480
2350
2630
2600
2360
2640
2350
2600
0
1820
2350
2620
2610
2350
2610
2390
790
2600
2350
2630
1290
5530
5560
2820
2820
1970
5510
6780
880
890
2640
6790
1550
850
890
880
890
2760
2790
930
930
930
940
940
880
880
0
2760
2800
930
930
930
930
930
2860
5490
1820
1300
5510
2600
5390
2820
2810
2820
5560
2340
2640
2340
6840
1240
1290
860
780
5480
1040
2640
2610
2620
2620
2610
2620
2620
2610
2630
0
2590
2610
2360
2610
2620
2620
2620
6920
5420
1020
1050
1290
5270
5760
2790
2840
1970
1610
5570
1890
890
1450
7000
2370
790
880
880
880
2800
2790
5600
2490
5290
2790
0
1010
530
0
930
1250
5820
1330
5500
930
940
1040
5300
860
930
1240
1330
2580
1760
880
5640
1560
5770
1050
1060
5630
890
890
940
930
1420
0
0
0
0
0
0
5650
5600
3230
5720
5710
5650
930
930
6040
5960
5660
2500
1600
1290
880
1250
1250
1400
1310
880
1470
5650
5570
1290
880
870
1480
890
1700
940
1240
880
890
1030
1310
1310
880
0
0
0
1010
540
0
940
930
5730
5290
5430
920
930
1310
5410
5390
1560
910
1310
1020
5670
890
880
2740
2500
2110
2820
5600
2080
1740
950
920
930
1030
0
0
0
0
0
5430
6920
5400
2350
5430
1260
930
920
5280
5740
5570
2480
1600
990
970
1420
1400
1330
1240
1050
1400
1050
870
860
1460
1700
1780
890
5970
1560
1540
1400
1750
2010
1830
1040
0
0
0
0
950
1020
0
930
940
5710
1340
5430
930
930
920
1310
5290
940
930
1340
1590
1980
890
5590
5610
1540
5590
1060
5770
890
890
1270
930
1020
0
0
0
0
0
0
0
5640
6860
5520
5710
5610
940
920
6030
5840
5640
5540
1800
1290
240
930
1250
5510
1310
900
880
5540
5430
1290
890
880
1440
890
5650
930
930
870
880
860
1040
1310
870
1010
0
0
6040
1030
530
940
930
5630
5740
5370
890
930
910
1040
5400
930
920
1300
1320
5560
890
890
2740
2490
2090
1740
5580
5490
1740
930
930
920
1610
0
0
0
0
0
0
0
5400
2620
2350
1270
1250
930
5390
5500
5590
5570
1600
1300
240
1030
1410
1030
1240
990
1410
1040
1450
1240
0
1050
0
0
0
0
0
0
0
0
0
0
0
0
0
0
0
2590
2750
0
0
0
0
0
0
0
0
0
0
0
0
0
0
0
1040
1000
1680
990
1730
1750
990
990
1740
1040
990
980
990
1730
1730
0
980
0
0
0
0
2590
2740
0
0
0
0
0
0
0
0
0
0
0
0
0
0
0
1040
1760
1760
1200
1180
1050
1760
1170
1070
1040
1770
1760
1180
1040
0
0
0
1690
0
930
2800
1050
1050
0
930
930
0
0
0
930
0
0
0
0
0
0
0
0
920
960
1740
980
1710
1730
990
980
990
1040
1010
990
990
990
0
0
0
990
1750
930
930
1050
1040
0
930
930
0
0
0
930
1240
0
0
0
5600
5580
5430
5490
0
0
1170
1180
1050
1180
1740
1760
1040
1050
1040
1030
1760
1040
660
670
650
0
0
0
0
980
1030
0
920
940
5570
1330
5500
930
930
1040
1030
240
930
1240
1330
2610
1760
890
5500
1600
5770
1050
5640
5600
890
890
940
930
1020
0
0
0
0
0
0
5650
5590
5270
2620
5710
5630
930
890
6030
6130
5640
5870
1600
1290
1350
940
1250
1290
1310
910
1460
5500
5570
1280
880
880
1480
890
1700
940
930
870
5910
1000
1300
1310
1030
0
0
0
970
540
0
940
930
5570
5290
5430
940
930
1320
1040
5390
1560
920
1290
1030
5670
1790
890
2740
2490
2110
1050
6680
5480
1740
1580
920
930
0
0
0
0
0
0
0
0
5400
5470
2340
1260
5600
930
5290
5740
5570
5560
1630
1250
5410
1040
1420
1030
1240
960
1410
1050
870
890
1460
1360
1690
890
5930
1560
1540
1460
1390
2020
0
0
0
0
0
0
0
1020
0
930
940
5700
5850
5430
900
930
920
1300
980
940
930
1070
1590
3020
890
5590
5630
1540
5770
1060
5890
910
890
1270
930
5570
1390
0
0
0
0
0
0
0
6860
5500
5710
5550
940
920
6030
5560
5640
5850
0
1590
5430
930
1250
5510
1300
890
880
0
5430
5850
890
880
5740
890
0
920
940
870
880
870
1040
1310
840
1040
0
0
0
1000
530
930
950
5620
5850
5350
5420
930
920
1310
5410
920
1240
1300
1050
5850
2770
890
5520
2520
2490
2820
5730
5460
1740
300
940
920
1590
0
0
0
0
0
0
0
5410
2620
2350
5430
1250
930
5390
5280
5630
5570
0
1600
970
1360
1410
1390
1250
940
1050
1040
1420
0
0
0
0
0
0
0
0
0
0
0
0
0
0
0
0
0
0
0
0
0
0
0
0
0
0
0
0
0
0
0
0
0
0
0
0
0
0
0
0
0
0
0
0
0
0
0
0
0
0
0
0
0
0
0
0
0
0
0
0
0
0
0
0
0
0
0
0
0
0
0
0
0
0
0
0
0
0
0
0
0
0
0
0
0
0
0
0
0
0
0
0
0
0
0
0
0
0
0
0
0
0
0
0
0
0
0
0
0
0
0
0
0
0
0
0
0
0
0
0
0
0
0
0
0
0
0
0
0
0
0
0
0
0
0
0
0
0
0
0
0
0
0
0
0
0
0
0
230
0
1620
0
0
0
0
0
0
0
0
0
0
0
0
0
0
0
0
0
0
0
0
0
0
0
0
0
0
0
0
0
0
0
0
0
0
0
0
0
0
0
0
0
0
0
0
0
0
0
0
0
0
0
0
0
0
0
0
0
0
0
0
0
0
0
0
0
0
0
0
0
0
0
0
0
0
0
0
0
0
0
0
0
0
0
0
0
0
0
0
0
0
0
0
0
0
0
0
0
0
0
0
0
0
0
0
0
0
0
0
0
0
0
0
0
0
0
0
0
0
0
0
0
0
0
0
0
0
0
0
0
0
0
0
0
0
0
0
0
0
0
0
0
0
0
0
0
0
0
0
0
0
0
0
0
0
0
0
0
0
0
0
0
0
0
0
0
0
0
0
0
0
0
0
0
0
0
0
0
0
0
0
0
0
0
0
0
0
0
0
0
0
0
0
0
0
0
0
0
0
0
0
0
0
0
0
0
0
0
0
0
0
0
0
0
0
0
0
0
0
0
0
0
0
0
0
0
0
0
0
0
0
0
0
0
0
0
0
0
0
0
0
0
0
0
0
0
0
0
0
0
0
0
0
970
320
350
690
680
620
270
350
340
340
690
690
700
1060
1340
670
770
360
650
300
600
250
300
610
910
920
300
0
0
0
0
0
0
0
0
0
0
0
280
550
0
680
690
650
1270
370
1060
340
2090
2080
690
690
0
480
6830
380
310
890
900
310
630
620
620
620
0
0
0
0
0
0
0
2070
290
0
0
0
460
240
290
1030
680
320
270
340
650
690
690
310
340
680
2060
5970
0
690
770
790
6550
290
300
300
630
1810
300
330
480
470
0
690
1060
360
1170
380
390
820
810
800
420
710
700
6790
640
450
700
690
2090
2110
740
700
380
770
780
780
390
0
0
0
0
0
0
0
0
0
0
0
0
0
0
0
0
0
0
0
250
480
220
680
680
660
270
250
650
700
340
320
4120
340
0
380
350
380
330
3880
300
6160
640
920
920
620
0
0
0
0
0
0
0
0
0
0
0
0
0
240
210
670
680
650
290
270
720
1060
2070
680
6460
620
5850
310
290
410
830
890
470
7060
850
850
410
1270
1260
1180
1570
800
1860
0
0
0
0
0
0
240
240
240
0
1000
1060
310
300
2950
340
2040
360
720
700
5830
5810
700
700
370
670
330
290
6600
640
920
930
970
0
0
0
250
250
290
690
690
1160
1170
390
390
2070
2840
390
380
380
230
240
460
470
250
500
0
250
250
6750
550
800
790
770
770
0
0
0
0
0
0
0
0
0
0
0
0
0
0
0
0
0
0
0
530
260
520
770
770
770
260
290
310
680
650
300
290
290
290
640
260
300
250
770
800
250
530
0
520
510
530
240
0
0
0
0
0
0
0
0
0
230
220
540
530
520
520
520
530
390
680
2300
2290
380
290
570
290
290
7230
560
800
860
870
870
320
2160
2160
1850
900
0
0
0
0
0
0
0
0
0
0
0
240
250
250
520
1820
780
270
290
320
700
320
300
290
2320
300
620
620
640
250
260
530
280
270
2270
270
520
530
0
0
0
0
0
0
0
0
0
0
0
540
530
6690
530
1310
520
5720
5910
370
400
380
390
3870
270
290
870
7290
560
780
890
880
870
300
300
610
650
0
0
0
520
210
530
550
1270
250
270
1280
1270
290
240
290
1260
1260
270
250
320
890
890
340
620
290
310
6760
320
290
1280
1250
920
970
0
0
0
0
0
0
0
240
260
240
640
1230
600
510
260
320
290
0
240
270
820
1270
300
290
820
930
890
290
0
270
290
290
290
300
620
1240
890
890
290
790
790
820
820
0
0
0
480
490
300
1230
600
540
280
1250
1240
290
770
280
1270
1260
290
520
290
890
1170
310
290
650
650
700
700
280
290
300
1840
950
960
0
0
0
0
0
0
220
240
250
290
1240
1210
520
270
290
320
0
520
0
1340
980
320
290
900
970
1750
1030
0
0
0
0
0
0
0
0
0
0
0
0
0
0
0
0
0
0
530
230
290
640
1260
240
490
280
860
1250
810
270
290
970
290
250
240
870
870
1800
610
290
310
340
6770
280
300
920
920
290
0
0
0
0
0
0
0
220
240
250
300
640
1240
530
260
300
300
0
530
250
290
830
1250
280
820
800
900
890
0
310
1160
290
600
300
630
930
920
860
870
770
770
780
0
0
0
0
0
490
210
300
600
600
530
280
1210
900
1270
250
1250
1240
290
1280
280
280
860
850
630
240
620
700
700
6810
290
290
300
1850
940
1880
0
0
0
0
0
0
240
250
240
630
1220
560
260
270
310
290
500
240
270
930
1340
310
1290
970
1420
1740
0
0
0
0
0
0
0
0
0
0
0
0
0
0
0
0
0
0
0
0
0
0
0
0
0
0
0
0
0
0
0
0
0
0
0
0
0
0
0
0
0
0
0
0
240
380
0
350
380
0
220
220
0
0
0
0
1850
290
290
480
520
0
560
0
600
0
0
600
0
540
0
460
480
0
0
0
0
0
530
530
0
0
0
0
0
0
0
0
530
0
0
0
0
0
0
0
0
0
0
0
0
0
0
0
260
530
5760
300
300
550
510
890
850
7330
290
6680
890
880
300
1850
270
640
890
480
530
530
780
780
790
770
800
0
0
0
0
0
0
0
0
0
0
0
530
550
6760
630
620
540
6630
6690
590
590
290
6710
540
530
5840
280
300
300
5850
540
260
250
820
820
920
920
970
0
0
0
0
0
0
0
0
0
0
5710
530
530
210
530
530
660
240
660
850
670
640
280
600
920
550
770
240
300
600
290
530
7160
300
290
280
610
620
300
240
240
4190
520
530
1850
530
270
530
1300
520
530
1830
800
5850
380
380
440
460
470
480
5680
5740
490
240
240
500
250
490
490
260
260
270
250
0
0
0
0
0
0
0
0
0
0
0
0
0
0
0
550
270
520
780
1290
780
280
290
2680
680
320
290
290
290
610
600
650
290
520
770
240
270
260
530
530
240
0
0
0
0
0
0
0
0
0
0
0
250
530
530
530
530
520
550
5830
390
380
390
420
5960
290
290
290
300
7360
540
770
860
860
290
2140
2160
2140
1840
1800
0
0
0
0
0
0
0
0
0
0
240
250
260
520
780
1300
780
290
320
320
2490
670
290
290
290
300
600
290
290
490
250
770
530
530
520
540
290
290
0
0
0
0
0
0
0
0
0
0
240
520
520
5950
540
810
530
5850
390
380
390
400
3820
290
290
280
290
6880
790
830
1170
1170
290
2740
2750
660
290
0
0
670
490
230
630
1210
290
520
290
1240
280
1250
250
1250
1240
290
250
240
850
890
6680
620
290
670
680
5860
290
280
1240
920
930
0
0
0
0
0
0
0
0
230
250
240
640
1240
550
770
280
640
290
550
250
290
830
1250
280
810
820
890
870
0
330
1210
290
1140
290
290
850
890
1220
1170
240
790
770
770
0
0
0
0
0
220
640
620
600
250
270
890
1240
280
770
280
930
280
790
0
270
1160
290
310
280
630
650
710
270
300
310
1890
920
960
0
0
0
0
0
0
0
230
2860
240
290
1210
530
530
280
310
280
560
540
250
290
1370
300
290
1240
1400
1710
670
0
0
0
0
0
0
0
0
0
0
0
0
0
0
0
0
0
0
530
230
960
630
290
530
270
920
920
280
740
270
1230
1250
270
520
290
870
290
340
610
300
350
6780
6760
290
300
930
1560
0
0
0
0
0
0
0
0
230
240
250
300
610
1220
530
250
290
280
0
530
260
850
850
290
270
820
860
900
890
0
290
1150
290
290
300
640
930
600
870
290
530
790
770
0
0
0
0
0
490
850
610
620
250
530
290
910
920
1300
270
920
920
280
1290
280
290
1170
290
310
2130
690
700
5850
290
300
1890
920
940
0
0
0
0
0
0
0
0
270
250
240
610
1210
530
530
300
300
0
550
250
290
900
1320
290
1270
970
1080
1850
0
0
0
0
0
0
0
0
0
0
0
0
0
0
0
0
0
0
0
0
0
0
0
0
0
0
0
0
0
0
0
0
0
0
380
420
470
520
530
1160
1160
1160
1170
1180
630
640
650
0
0
0
0
0
0
0
0
0
0
0
0
0
0
0
0
0
0
0
0
0
0
0
0
0
0
490
490
1180
1170
1180
1190
1180
550
500
530
530
0
0
0
0
0
0
0
0
0
0
0
0
0
0
0
0
0
0
0
0
110
0
0
0
0
0
0
510
510
570
590
590
590
580
590
140
280
620
0
0
0
0
0
0
0
0
0
0
0
0
0
0
0
0
0
0
0
0
0
0
2960
0
0
0
0
0
0
0
0
0
0
0
0
0
0
0
0
0
0
0
0
0
0
480
490
620
290
530
250
290
870
1240
1260
280
1250
1240
290
490
300
880
6810
6790
620
620
690
340
6790
300
1260
920
930
970
0
0
0
0
0
0
0
240
240
530
300
630
1240
530
270
270
320
0
530
260
290
830
1260
290
830
820
940
1530
290
280
1170
280
290
300
630
940
1180
870
1170
800
780
790
0
0
0
0
980
1030
0
620
610
290
250
290
1210
1220
770
770
1250
930
290
1240
280
610
1160
1750
2460
260
660
670
240
300
300
1900
940
1850
650
0
0
0
0
0
240
240
530
530
300
600
610
280
540
280
300
0
530
240
280
1220
1290
280
830
810
890
880
290
0
0
0
0
0
0
0
0
0
0
0
0
0
0
0
0
0
500
530
220
640
640
5870
530
290
1260
1240
250
250
1250
1230
280
770
280
290
860
870
2810
270
700
700
280
290
300
1830
1260
300
0
0
0
0
0
0
0
230
240
270
260
630
1220
550
530
290
300
290
550
270
270
810
860
290
820
820
890
890
890
300
290
290
290
300
290
1560
1560
870
870
530
800
800
780
0
0
0
0
1020
220
620
620
600
250
280
1220
1230
290
770
280
1240
1240
770
770
270
880
1770
310
270
700
700
5970
290
290
1860
940
940
290
0
0
0
0
0
0
0
230
240
250
320
1250
1220
520
290
2790
290
540
550
1200
1200
300
290
820
850
890
860
290
0
0
0
0
0
0
0
0
0
0
0
0
0
0
0
0
0
0
0
0
0
0
0
0
0
0
0
0
0
0
0
0
0
0
0
0
0
0
0
0
0
0
0
0
0
0
0
0
0
0
0
0
0
0
0
0
0
0
0
0
0
0
0
0
0
0
0
0
0
0
0
0
0
0
0
0
0
0
0
0
0
0
0
0
0
0
0
0
0
0
0
0
0
0
0
0
0
0
0
0
0
0
0
0
0
0
0
0
0
0
0
0
0
0
0
0
0
0
0
0
0
0
0
0
0
0
0
0
0
0
0
0
0
0
0
0
0
0
0
0
0
0
0
0
0
0
0
0
0
0
0
0
0
0
0
0
0
0
0
0
0
0
0
0
0
0
0
0
0
0
0
0
0
0
0
0
0
0
0
0
0
0
0
0
0
0
0
0
0
0
0
0
0
0
0
0
0
0
0
0
0
0
0
0
0
0
0
0
0
0
0
0
0
0
0
0
0
0
0
0
0
0
0
0
0
0
0
0
0
0
0
0
0
0
0
0
0
0
0
0
0
0
0
0
0
0
0
0
0
0
0
240
220
240
990
1000
300
290
330
340
360
730
720
720
0
350
360
0
370
370
320
0
320
640
630
630
630
0
0
0
0
0
0
0
0
0
0
0
0
460
0
680
1030
1050
300
300
2020
1740
340
2070
2090
700
700
370
360
5560
390
2220
320
290
290
610
610
620
620
0
0
0
0
0
0
0
0
0
0
0
0
240
240
290
1360
1360
320
270
350
340
350
690
6330
340
340
340
5810
0
700
730
770
6850
560
600
310
630
920
930
320
240
250
280
340
340
350
1140
380
400
810
780
780
350
680
680
650
640
0
0
0
0
280
310
0
1870
380
780
780
380
0
0
0
0
0
0
0
0
0
0
0
0
0
0
0
0
0
0
0
470
210
0
690
700
330
260
270
720
680
350
360
5850
290
370
340
2300
350
340
320
6180
6000
640
930
930
950
2000
0
0
0
0
0
0
0
0
0
0
0
430
240
190
650
1750
650
300
270
720
1750
2080
2080
6300
680
340
310
290
0
410
450
470
6760
6920
840
410
840
830
800
1170
780
2060
0
0
0
0
0
0
300
240
0
1290
1350
1770
300
290
3240
360
2100
370
690
690
7090
6140
350
740
340
670
650
290
6750
650
920
920
950
0
0
0
430
220
240
670
350
790
1990
380
420
410
400
390
320
320
290
460
650
490
500
740
740
510
720
240
540
770
780
770
240
0
0
0
0
0
0
0
0
0
0
0
0
0
0
0
0
0
0
270
270
530
520
520
520
790
270
290
300
2500
330
300
290
290
310
600
270
290
500
510
520
220
530
530
520
260
270
240
0
0
0
0
0
0
0
0
0
240
520
510
520
520
520
530
5980
360
370
390
400
6840
280
2230
290
290
290
560
800
830
880
290
610
2120
2140
2140
620
630
0
0
0
0
0
0
0
0
0
510
520
260
520
520
1570
1300
270
290
320
2450
2440
310
290
2330
2360
630
280
300
280
520
530
300
270
240
520
530
0
0
0
0
0
0
0
0
0
0
0
250
520
520
5880
1300
1320
530
6820
0
380
410
390
390
300
270
290
580
7010
560
790
880
880
880
630
2440
620
630
0
0
0
510
220
630
630
640
270
280
1260
1250
290
260
290
930
290
270
270
610
590
7110
650
610
350
350
5380
1220
310
1270
930
960
0
0
0
0
0
0
0
0
230
270
250
290
1220
600
500
270
290
290
320
540
270
290
860
270
820
820
870
860
0
0
1190
290
280
290
310
640
930
590
860
290
520
780
520
0
0
0
0
570
510
220
610
610
530
280
290
1240
280
1270
280
1260
930
290
550
280
580
1770
310
300
700
690
320
5530
290
1840
1840
1840
960
0
0
0
0
0
0
0
230
250
250
290
1220
1200
260
530
300
300
0
250
240
290
1490
1270
270
800
870
870
880
0
0
0
0
0
0
0
0
0
0
0
0
0
0
0
0
0
0
540
220
220
610
600
270
250
290
1530
290
1270
270
1540
930
260
270
290
860
7130
290
610
290
350
350
5350
290
300
1550
1550
0
0
0
0
0
0
0
0
0
240
260
240
630
1200
290
250
280
310
280
540
250
250
800
880
290
780
770
870
870
0
310
1150
290
290
300
630
1520
1530
860
860
790
790
790
0
0
0
0
0
500
220
930
610
610
530
290
910
910
250
250
1200
1210
890
770
290
280
1160
1750
2520
0
700
310
6970
290
300
1850
940
940
0
0
0
0
0
0
0
0
240
2600
250
630
610
530
270
290
620
0
550
240
1200
890
300
270
770
870
870
880
0
0
0
0
0
0
0
0
0
0
0
0
0
0
0
0
0
0
0
0
0
0
0
0
0
0
0
0
0
0
0
0
0
0
0
0
0
0
0
0
0
0
0
0
0
0
0
0
0
0
0
0
0
0
0
0
0
0
0
0
0
0
0
0
0
0
0
0
0
0
0
0
0
0
0
0
0
0
0
0
0
0
0
0
0
0
0
0
0
0
0
0
0
0
0
0
0
0
0
0
0
0
0
0
470
220
5670
310
1860
530
510
860
850
6840
6670
6520
870
870
310
1860
250
650
900
490
530
530
780
780
780
770
0
0
0
0
0
0
0
0
0
0
0
5680
240
6820
6370
610
290
240
6620
310
600
300
280
6620
490
210
250
250
290
290
6620
250
250
250
800
890
1520
1530
1900
0
0
0
0
0
0
0
0
0
0
5780
540
490
220
540
530
1870
250
650
640
1860
670
290
280
890
890
770
490
300
290
290
240
6990
290
290
290
300
300
290
0
240
260
260
780
770
550
260
1310
780
520
770
790
530
0
390
390
240
250
480
490
240
6650
490
240
250
500
250
250
250
260
260
520
0
0
0
