0
0
0
0
0
0
0
0
0
0
0
0
0
0
0
0
0
0
930
0
0
0
0
0
0
0
0
0
0
0
0
0
0
0
0
0
0
0
0
0
0
0
0
0
0
0
0
0
0
0
0
0
0
0
0
0
0
0
0
0
0
0
0
0
0
0
0
0
0
0
0
0
0
0
0
0
0
0
0
0
0
0
0
0
0
0
0
0
0
0
0
0
0
0
0
0
0
0
0
0
0
0
0
0
0
0
0
0
0
0
0
0
0
0
0
0
0
0
0
0
0
0
0
0
0
0
0
0
0
0
0
0
0
0
0
0
0
0
0
0
0
0
0
0
0
0
0
0
0
0
0
5500
240
240
260
240
460
6300
510
520
520
6420
520
520
240
0
520
520
4970
6230
240
250
530
0
250
5710
210
230
230
240
0
0
0
0
0
540
520
260
6360
460
460
520
520
510
510
250
5470
450
240
520
3850
430
430
430
430
220
220
440
210
220
230
220
230
240
0
0
0
0
250
250
540
770
460
470
500
510
240
250
520
510
470
0
530
3820
210
210
430
640
430
4360
440
430
240
0
470
460
230
5480
0
0
0
240
540
530
770
480
250
520
0
520
250
520
5980
450
210
770
480
210
0
450
430
430
440
650
650
470
460
470
470
4800
0
0
0
0
450
500
520
460
440
250
770
6210
280
530
770
4850
470
0
520
520
210
210
220
430
220
0
440
450
470
490
680
230
460
0
0
0
240
4840
520
740
430
3850
520
500
230
230
250
250
460
0
500
500
530
260
250
520
290
280
210
210
450
660
0
680
670
460
0
0
0
440
220
520
6260
520
230
530
5720
470
3890
480
460
470
220
0
0
410
390
460
440
230
660
440
660
6230
470
460
470
460
230
0
0
0
0
0
210
240
220
450
240
470
450
430
470
6360
450
450
720
710
480
450
520
0
0
210
480
470
5990
0
3720
690
680
230
0
0
0
0
220
520
520
6770
0
530
780
780
520
530
5990
240
210
550
790
860
860
440
440
440
440
440
220
470
470
490
480
460
470
0
0
0
0
520
770
240
470
530
250
250
250
260
780
770
470
0
530
550
290
560
440
0
430
210
440
1760
450
230
230
230
690
700
0
0
0
0
510
250
480
710
520
250
540
3740
550
530
520
460
230
770
780
1710
6370
440
430
450
0
450
660
490
470
460
460
230
240
0
0
420
210
240
770
480
450
270
520
240
240
270
780
770
670
270
520
250
270
260
520
280
600
620
770
6570
240
200
480
470
460
460
460
600
0
0
0
0
0
220
470
470
470
3840
480
710
460
470
650
910
680
1040
1030
1040
1040
690
1040
690
690
3880
290
280
640
1750
1740
6430
260
520
780
0
0
460
0
460
690
470
5970
470
230
480
240
660
650
690
700
690
690
690
690
690
690
690
0
270
290
290
1740
1740
6430
260
520
270
0
0
460
6280
480
700
5000
3840
470
470
480
240
7260
650
650
690
690
680
1030
1030
1030
1030
670
0
300
7060
0
1730
1750
560
240
520
520
0
0
0
240
290
280
520
3760
440
430
430
190
450
0
460
0
460
6280
480
200
700
690
680
740
710
0
670
640
670
6280
0
190
0
0
0
0
230
480
470
480
3630
470
450
470
230
640
640
1030
1040
1030
1040
690
690
690
690
670
280
290
610
290
1740
290
5690
760
770
0
0
450
440
210
690
690
460
5720
680
460
220
0
640
650
690
1030
1030
1030
1030
690
1030
1030
680
0
300
280
300
1740
1770
6250
250
500
510
0
460
450
0
680
680
3740
470
460
460
460
680
640
650
670
690
1030
1030
1030
1030
680
0
0
560
550
6440
290
1760
290
6770
520
510
0
0
0
250
290
290
520
3800
450
660
430
430
460
450
460
240
230
5760
490
490
200
690
690
720
0
680
0
650
640
5860
6010
190
0
0
0
0
0
0
0
0
0
0
0
0
0
0
0
0
0
0
0
0
0
0
0
940
0
0
0
0
0
0
0
0
0
0
0
0
0
0
0
0
0
0
0
0
0
0
0
0
0
0
0
0
0
0
0
0
0
0
0
0
0
0
0
0
0
0
0
0
0
0
0
0
0
0
0
0
0
0
0
0
0
0
0
0
0
0
0
0
0
0
0
0
0
0
0
0
0
0
0
0
0
0
0
0
0
0
0
0
0
0
0
0
0
0
0
0
0
0
0
0
0
0
0
0
0
0
0
0
0
0
0
0
0
0
0
0
0
0
0
0
0
0
0
0
0
0
0
0
0
0
0
0
0
0
0
5260
0
250
250
250
480
450
250
770
770
3520
0
550
250
230
540
760
0
5120
220
220
230
470
450
430
230
470
240
240
240
5200
0
0
0
5460
530
250
250
0
470
460
520
2770
530
520
510
5070
470
230
270
3940
220
220
220
220
220
220
220
230
230
230
230
220
240
5100
0
0
0
460
240
770
240
470
240
250
260
240
520
510
2700
240
280
290
2850
210
210
430
450
5170
4910
430
0
240
0
460
230
5380
0
0
0
260
520
520
760
470
240
520
0
530
510
520
5490
460
440
220
730
280
440
440
440
220
440
440
650
650
0
470
460
450
0
5090
0
0
0
510
760
510
210
460
250
520
0
240
530
510
5110
450
2380
530
240
240
210
220
440
5220
0
660
460
470
0
460
460
470
7290
0
0
0
210
520
520
470
5180
530
5340
460
230
250
760
470
0
510
510
520
260
250
520
0
540
0
240
0
650
0
680
680
470
0
0
0
470
240
260
5390
5870
220
520
5470
450
220
3050
460
460
230
0
0
460
200
440
640
220
660
650
5670
0
460
460
470
230
230
0
0
0
420
210
220
450
220
450
220
440
460
450
460
5460
430
430
460
0
440
0
470
0
450
440
460
470
0
440
3620
700
700
230
0
0
0
0
0
530
5740
470
0
780
780
780
520
530
5560
470
210
520
770
860
290
470
430
460
430
220
220
470
240
490
470
470
470
0
0
0
0
550
800
450
480
270
530
520
520
260
530
770
480
0
550
560
290
280
670
0
440
210
660
650
450
450
230
690
690
0
0
0
0
0
280
270
210
690
240
250
5610
3310
570
270
250
220
240
770
850
280
0
430
430
220
0
650
650
0
460
460
690
230
0
0
0
210
210
250
770
240
220
270
520
260
260
520
520
240
220
280
530
240
5170
520
240
290
310
780
740
5480
190
470
680
460
690
230
630
0
0
0
0
0
0
450
460
670
230
3730
720
470
460
0
300
890
680
700
690
690
690
690
690
690
690
5150
280
280
300
290
290
7120
0
520
0
0
0
460
0
220
690
690
6460
470
460
460
0
640
910
680
690
680
690
680
690
690
690
680
0
290
290
270
280
280
6800
260
250
0
0
0
460
5740
470
680
3730
3740
460
460
460
680
6960
640
670
690
1040
690
690
690
690
690
680
0
640
7240
0
290
290
290
230
510
0
0
0
0
0
280
560
500
0
440
430
420
200
670
0
460
0
230
6020
480
200
700
690
230
0
230
0
670
640
7040
6020
0
190
0
0
0
0
210
450
670
470
3700
240
230
460
0
640
650
690
690
690
690
690
690
690
690
670
4330
290
280
290
290
290
7050
250
770
0
0
460
210
470
680
670
460
5260
680
430
460
0
620
650
690
690
690
690
690
690
690
700
680
0
290
290
280
290
7300
7360
250
250
0
0
0
440
0
680
680
4120
480
470
240
680
460
660
640
680
1040
690
690
690
690
0
0
0
0
290
7470
280
290
290
7160
520
520
0
0
0
0
530
550
520
3820
470
660
440
210
460
450
460
430
460
6880
6810
470
0
680
680
680
0
240
0
640
640
5410
5380
0
0
0
0
0
