0
0
0
0
0
0
0
0
0
0
0
0
0
0
0
0
0
0
0
0
0
0
0
0
0
0
0
0
0
0
0
0
0
0
0
0
0
0
0
0
0
0
0
0
0
0
0
0
0
0
0
0
0
0
0
0
0
0
0
0
0
0
0
0
0
0
0
0
0
0
0
0
230
870
220
210
0
0
0
430
430
430
210
0
0
0
0
0
420
200
0
0
0
0
0
0
0
0
0
0
0
0
0
0
0
0
0
0
0
0
0
0
0
0
0
0
0
0
0
0
0
260
260
760
250
240
540
6340
6600
490
250
530
500
5680
5450
220
230
0
790
770
490
250
250
250
250
0
760
490
240
6330
230
220
0
0
0
0
0
0
0
0
260
260
260
780
770
770
290
6280
6710
560
560
510
540
530
530
520
540
500
500
5880
6330
210
0
0
0
0
0
0
510
500
5450
510
500
6410
500
540
520
530
480
530
540
5560
5870
770
770
260
250
1040
290
6600
7210
1790
890
890
0
0
0
0
0
1690
0
6480
1620
1930
1970
5570
640
640
6520
6800
640
640
290
6410
1740
310
2350
930
570
500
6520
6640
1020
770
280
1640
1630
490
240
2020
6490
500
500
1060
500
7360
6320
420
430
880
1000
1500
490
270
270
490
470
560
1060
500
6610
6360
420
450
0
0
0
0
0
0
0
0
270
270
1040
780
780
2640
640
7280
300
570
540
0
550
540
500
550
540
520
500
6900
6500
420
0
0
0
0
0
530
530
470
6360
540
5550
480
240
500
540
550
240
500
5920
6600
260
810
830
260
1030
1040
560
6410
1790
880
880
0
0
0
0
0
0
0
310
650
1940
640
6350
650
2220
380
5570
940
630
310
6440
1790
300
2020
300
560
250
5960
6340
780
770
270
1830
770
540
0
770
6500
280
500
780
500
6310
7380
450
440
0
770
760
970
240
540
250
260
0
1050
1040
500
6500
440
430
450
0
0
0
0
0
0
0
270
270
260
1350
800
2120
250
640
6890
570
560
540
240
540
510
540
540
1040
490
500
6350
460
440
0
0
0
0
0
540
490
500
7370
530
5500
500
540
500
490
250
530
500
6410
5830
1290
780
250
250
530
1050
290
7240
1790
890
910
0
0
0
0
0
0
6370
320
670
2010
650
680
650
650
6560
700
660
1750
6310
310
0
2100
250
570
560
270
7300
790
780
800
0
0
0
0
0
550
540
470
0
0
0
0
490
520
210
6610
530
240
5590
530
760
480
240
540
240
460
5860
290
830
0
6300
3700
3560
0
0
0
0
0
0
0
0
0
770
240
240
6290
770
760
6520
540
780
750
520
530
530
250
240
6840
450
230
0
490
500
480
240
0
6970
760
7250
270
260
250
7260
470
670
470
240
540
490
490
3820
440
240
5620
560
540
250
6750
440
650
0
0
0
0
0
0
0
0
0
260
800
760
240
460
230
250
3760
550
530
250
240
240
0
0
0
550
520
240
7260
430
230
0
0
0
0
0
0
0
0
0
0
0
0
0
0
0
0
0
0
0
0
0
0
0
0
0
0
0
0
0
0
0
0
0
0
0
0
0
0
0
0
0
0
0
0
0
0
0
0
0
0
0
0
0
0
0
0
0
0
0
0
0
0
0
0
0
0
0
0
0
0
0
0
0
0
0
0
0
0
0
0
0
0
0
0
0
0
0
0
0
0
0
0
0
0
0
0
0
0
0
0
0
0
0
0
0
0
0
0
0
0
0
0
0
0
0
0
0
0
0
0
0
0
0
240
250
520
250
240
510
240
6370
500
520
520
240
6190
220
210
0
0
770
500
730
250
520
250
240
530
520
250
5760
5820
220
0
0
0
0
0
0
0
0
0
0
260
520
260
530
520
530
610
6830
5770
570
560
520
260
520
510
510
520
520
520
250
6170
5770
210
0
0
0
0
0
0
520
520
520
6300
520
240
520
240
520
510
510
250
520
5790
240
0
520
510
520
250
520
520
290
6760
290
850
860
290
0
0
0
0
0
0
0
210
280
850
650
650
650
640
340
5770
660
640
290
6660
600
560
550
290
610
290
520
5840
5950
770
1020
1030
550
800
230
240
520
520
6890
520
530
520
520
6160
0
0
1020
760
0
0
0
290
510
490
5870
0
0
0
0
0
0
0
0
250
530
520
1280
1800
2070
520
650
6610
290
570
540
270
540
520
520
530
520
500
490
6190
430
0
0
0
0
0
0
410
520
530
5540
260
240
260
490
530
520
520
250
520
5610
6610
520
780
770
770
520
520
540
6490
610
870
870
850
290
0
0
0
0
0
210
270
810
1890
630
680
950
660
5730
670
980
650
550
560
290
280
250
630
280
250
6190
770
760
760
770
0
0
0
0
0
0
0
0
0
0
0
0
0
0
0
0
0
0
0
0
0
0
0
0
0
0
0
0
0
0
0
0
0
0
0
0
0
0
0
0
0
0
0
0
0
0
0
0
0
0
0
0
0
0
0
0
0
0
0
0
0
0
0
0
0
0
0
0
0
0
0
0
0
680
670
210
210
0
0
0
230
430
210
200
200
200
0
0
0
210
200
190
0
0
0
0
0
0
0
0
0
0
0
0
0
0
0
0
0
0
0
0
0
0
0
0
0
0
0
0
0
0
0
0
280
270
270
520
270
540
6040
520
510
510
510
5780
5650
220
0
730
770
740
240
530
250
250
270
530
500
240
5570
430
210
0
0
0
0
0
0
0
270
520
250
770
770
770
290
290
7330
580
560
500
530
510
510
510
520
500
240
5530
230
450
0
0
0
0
0
520
510
250
4490
520
510
510
500
510
500
250
250
510
4410
240
0
510
250
250
530
510
520
560
6110
290
290
290
0
0
0
0
0
0
0
310
320
320
4340
670
650
340
5630
670
650
280
550
290
290
300
250
290
280
250
5580
270
520
240
240
740
480
240
510
240
6170
490
240
250
240
6120
5780
210
0
0
240
240
470
240
250
240
240
510
250
480
240
5200
210
210
0
0
0
0
0
0
0
0
250
250
250
750
740
740
280
6420
290
570
560
240
510
490
490
240
250
240
470
5270
210
210
0
0
0
0
0
510
500
480
5580
500
240
490
470
250
250
250
240
500
4450
240
0
750
250
250
510
760
280
5580
290
280
280
290
0
0
0
0
0
0
5970
310
310
630
4530
650
320
5570
5540
650
620
270
5580
280
0
290
290
280
260
5540
6690
760
760
240
540
770
490
240
760
250
0
480
250
480
240
5760
210
210
0
0
740
710
470
250
250
240
240
520
750
240
5410
210
210
0
0
0
0
0
0
0
0
250
520
250
250
750
250
510
290
6320
570
550
490
0
250
740
250
240
250
470
240
5580
210
210
0
0
0
0
0
510
500
490
4790
510
1850
480
250
510
500
250
500
240
4340
5570
520
750
250
250
250
510
290
5540
290
290
290
0
0
0
0
0
0
290
300
320
640
640
660
640
320
5450
300
650
280
550
5380
290
290
290
290
290
250
5640
530
760
250
250
0
0
0
660
0
0
0
0
0
0
0
0
0
0
0
0
0
0
0
0
0
0
0
0
0
0
0
0
0
0
0
0
0
0
0
0
0
0
0
0
0
0
0
0
0
0
0
0
0
0
0
0
0
0
0
0
0
0
0
0
0
0
0
0
0
0
0
0
0
0
0
0
0
0
0
0
0
0
0
0
0
0
0
0
0
0
0
0
0
0
0
0
0
0
0
0
0
0
0
0
0
0
0
0
0
0
0
0
0
0
0
0
0
0
0
0
0
0
0
0
0
0
0
0
230
250
7340
240
530
250
270
510
530
250
490
7050
220
220
0
0
250
260
250
250
260
240
240
540
530
250
6310
6330
220
0
0
0
0
0
0
0
0
0
270
260
260
520
770
780
240
310
7010
310
300
250
250
520
520
520
260
520
250
240
6310
220
0
0
0
0
0
0
0
520
520
240
270
520
3650
520
260
520
520
250
520
520
6210
0
260
520
260
540
530
280
6770
6940
290
300
290
0
0
0
0
0
0
320
660
660
660
4020
680
340
7000
690
660
290
5620
610
280
290
250
600
290
520
7340
540
520
270
270
530
240
250
540
530
0
520
530
520
250
6890
220
220
0
1750
1060
260
490
260
260
250
250
530
520
250
240
6210
220
0
0
0
0
0
0
0
0
0
260
530
260
530
530
530
610
6950
310
600
530
250
530
520
520
520
520
250
490
6510
230
0
0
0
0
0
0
520
520
250
490
520
240
520
250
530
520
520
260
530
6270
6220
540
520
520
260
540
530
290
7210
630
890
300
0
0
0
0
0
0
0
310
660
660
660
5590
680
660
350
5520
660
650
290
6890
600
290
290
300
600
260
7080
6840
530
530
0
0
