0
0
0
0
0
0
0
0
0
0
0
0
0
0
0
0
0
0
0
0
0
0
0
0
0
0
0
0
0
0
0
0
0
0
0
0
0
0
0
0
0
0
0
0
0
0
0
0
0
0
0
0
0
0
0
0
0
0
0
0
0
0
0
0
0
0
0
0
0
0
0
0
0
0
0
0
0
0
0
0
0
0
0
0
0
0
0
0
0
0
0
0
0
0
0
0
0
0
0
0
0
0
0
0
0
0
0
0
0
0
0
0
0
0
0
0
0
0
0
0
0
0
0
0
0
0
0
0
0
0
0
0
0
0
0
0
0
0
2940
2590
2330
1780
3600
2410
2400
2390
2700
2550
2590
2590
1560
0
2680
2540
2550
2520
5480
1310
1530
870
1360
2720
1690
2770
2610
1790
0
0
1880
2600
2580
1620
6400
2050
890
870
3290
1170
1180
2670
2800
1040
1060
0
0
0
0
0
0
0
0
0
0
0
0
0
0
0
0
0
3580
0
0
0
1180
6570
1550
6460
3000
2310
2810
2250
3620
2610
2790
1180
1160
1810
2570
2770
2800
2270
2630
1610
1260
1360
1340
1340
2940
2670
0
1360
1650
2200
2670
2720
3010
3650
1150
1190
2610
920
1270
2850
2670
2910
270
0
850
0
0
0
0
0
0
0
0
70
0
0
0
0
0
0
0
2740
2570
2470
2320
2370
1020
3850
1950
1930
2160
2990
2770
2850
990
1000
2590
2760
2570
2860
2750
2310
2290
2320
5340
3850
2990
1650
3010
1360
2800
2840
1320
1330
1030
1870
2790
1020
2280
2280
2270
2090
970
1000
1000
1000
2360
2600
2060
990
1000
990
2120
2330
1030
1030
1040
1030
1820
1000
2980
3000
2360
2600
1970
990
2570
990
2780
2590
900
1500
870
900
940
1270
1360
2700
280
0
0
2590
2860
2860
1000
2000
2860
3430
2740
2580
2710
1010
560
980
850
1630
1640
1880
2740
300
1030
0
1020
1360
1930
2450
2310
1030
2780
2640
2050
2070
2060
2060
2340
2360
2660
2670
2670
2700
2160
2770
2860
2260
2290
2300
2310
2300
2660
1990
1990
2320
2360
2000
2010
980
6570
1920
2390
970
1590
2050
6710
6350
2210
2390
2840
5380
2610
0
1020
1030
6510
1980
2000
990
2680
1830
0
2580
2700
2600
2770
2760
2550
2410
2660
1380
1590
1920
2880
1150
2700
1460
1190
1170
3190
1340
1990
2590
2320
2700
2700
2400
2290
2480
2850
3200
3270
1630
2010
2770
2350
2310
2360
3020
1640
2990
1030
1070
6730
2580
1020
1010
2840
2060
6680
1860
2420
2660
0
2820
2430
2360
2560
2360
2030
2590
0
0
0
0
0
0
2580
1970
2570
2670
2270
1030
1020
1010
1070
2050
2560
1360
1790
2020
2080
1990
2380
2320
2170
2860
2680
2640
2620
2630
2620
2630
2060
2620
2060
2620
2650
2650
2600
2630
2070
2070
2730
2870
1020
1580
6480
1940
2380
970
1590
2560
0
0
2210
2390
2640
5260
2610
0
1020
1030
6470
1990
2000
990
770
1830
0
2580
2690
2170
2770
2770
2540
2550
2760
1400
1590
1070
2150
870
2680
1460
2680
1190
1330
1340
1860
2910
2320
2700
2700
2480
2260
2820
2130
3210
1640
1630
2010
2760
2350
2310
2360
2760
2950
2990
1030
1610
6730
2570
2490
1010
1820
2830
6550
2500
2420
2400
0
3000
2430
2620
2560
2620
2030
480
0
0
0
0
0
0
2270
2580
2670
2660
3450
1800
1840
1020
6560
6660
2380
3000
1770
2950
2360
6570
2710
2380
2380
5550
2690
2520
2610
2640
2630
2620
2340
2620
2800
2590
2460
2570
0
1910
2440
2290
2570
5340
2260
2390
1910
2140
2470
2330
0
2290
2280
1700
1630
0
2390
1830
1830
0
1370
910
2830
880
920
2900
2760
2600
0
0
0
2620
2800
1760
1710
2580
850
1760
2260
930
2960
5170
1290
1280
1010
980
0
0
0
0
0
0
0
0
0
0
0
0
0
0
0
0
0
2280
2460
2660
2690
2680
1720
1320
870
2650
2820
2370
2250
2160
2270
890
1850
2770
2610
2150
2400
0
0
0
0
0
0
