0
0
0
0
0
0
0
0
0
0
0
0
0
0
0
0
0
0
0
210
260
540
280
280
530
270
280
250
220
420
0
0
0
370
340
300
340
360
290
0
450
0
0
0
0
0
0
0
0
0
0
0
450
480
490
490
5480
0
0
420
430
0
260
0
0
490
80
0
0
0
0
0
0
210
780
190
480
600
420
0
0
0
0
0
0
0
0
0
0
0
0
0
0
0
0
0
0
0
0
0
0
0
0
0
0
0
0
0
0
0
0
0
0
0
0
0
0
0
0
0
0
0
0
0
0
0
0
0
0
6550
330
400
450
590
280
530
1670
510
0
0
360
0
0
0
0
0
400
400
0
0
0
0
0
0
0
0
0
0
0
0
0
1870
1840
420
530
520
520
480
560
0
0
0
0
3750
0
0
0
400
450
500
0
0
0
0
0
0
0
1910
0
0
0
0
0
0
0
0
0
0
290
460
450
450
270
260
250
310
780
440
220
250
290
280
290
230
0
230
220
430
220
0
250
250
230
420
850
420
0
0
0
0
0
0
0
0
0
760
0
0
0
290
310
300
260
290
270
0
0
0
0
0
470
3560
270
260
470
420
190
0
0
430
0
0
0
0
0
0
0
0
0
0
0
0
0
0
0
0
0
0
0
0
220
230
310
0
290
230
230
290
300
0
0
0
440
0
0
0
470
230
0
0
0
0
0
0
0
0
420
0
200
470
880
550
520
480
480
440
460
470
450
430
420
220
210
200
200
0
0
0
0
0
0
0
0
0
0
0
0
0
0
0
0
0
0
0
80
0
1130
1300
1150
220
1250
830
1130
820
780
610
0
0
0
0
0
0
0
0
0
460
0
0
0
0
0
0
0
0
0
0
0
0
0
0
0
0
0
0
0
0
0
0
0
0
0
0
0
0
0
0
0
0
0
0
0
130
0
0
0
0
0
0
0
0
0
0
0
0
0
0
0
0
0
0
0
0
0
0
0
0
0
0
0
0
0
0
0
0
480
0
0
0
0
0
0
0
0
0
0
0
0
0
0
0
0
0
0
0
0
0
0
0
0
0
0
0
0
0
0
0
0
0
0
0
0
0
0
0
0
0
0
0
0
0
0
0
0
0
0
0
210
210
0
0
0
0
0
0
0
0
0
0
0
0
0
0
220
0
0
0
0
0
0
0
0
0
0
0
0
0
0
0
0
0
0
0
0
0
0
0
0
0
0
0
0
0
0
0
0
0
0
0
0
0
0
0
0
0
0
0
0
0
0
0
0
0
0
0
0
0
0
0
0
0
0
0
0
0
0
0
0
0
0
80
0
0
0
0
0
0
0
0
0
0
0
0
0
0
0
0
0
0
0
0
0
0
0
0
0
0
0
0
0
0
0
0
0
0
0
0
0
0
0
0
0
0
0
0
0
0
0
0
0
0
0
0
0
0
0
220
0
0
0
0
0
0
0
0
0
0
2770
0
0
0
0
0
0
0
0
0
0
0
0
0
0
0
0
0
0
0
300
0
0
0
0
360
0
0
0
110
110
560
110
0
0
0
0
0
220
0
0
0
0
0
0
0
0
0
0
0
0
0
0
0
0
0
0
0
0
0
0
0
0
0
0
0
0
0
0
0
0
0
0
0
0
0
0
0
0
0
0
0
0
0
0
0
0
0
100
0
0
0
0
0
0
0
0
0
130
240
0
0
0
0
0
0
0
120
130
0
0
0
0
0
0
0
0
0
0
0
0
0
0
0
0
0
320
370
370
0
0
0
0
0
0
0
0
0
0
0
0
0
0
0
0
0
0
0
0
0
0
0
0
0
0
0
0
0
0
0
0
0
0
0
0
0
0
0
0
0
0
0
0
0
0
0
0
0
0
0
0
0
0
0
0
0
0
0
530
520
340
260
410
550
400
380
4110
300
350
260
450
290
520
470
430
2000
1930
530
320
470
290
460
610
620
0
0
0
0
0
0
0
0
1970
0
0
0
