0
0
0
0
0
0
0
0
0
0
0
0
0
0
0
0
0
0
0
0
0
0
0
0
0
0
0
0
0
0
0
0
0
0
0
0
0
0
0
0
0
0
0
0
0
0
0
0
0
0
0
0
0
0
0
0
0
0
0
0
0
0
0
0
0
0
0
0
0
0
0
0
0
0
0
0
0
0
0
0
0
0
0
0
0
0
0
0
0
0
0
0
0
0
0
0
0
0
0
0
0
0
0
0
0
0
1930
3350
6480
1730
2490
270
2460
0
0
1750
1710
1730
6260
2990
2660
0
2210
3150
3370
3260
3240
970
3320
2280
0
2360
3260
1760
3120
2270
3230
970
3320
2270
0
1770
980
1330
0
1580
1650
2330
3670
2320
2240
7050
630
1570
3250
0
1590
1260
1240
1250
1230
820
1850
1840
1460
1310
1660
1640
0
1300
980
1520
2200
2150
0
1730
1680
1650
2450
2230
0
2730
2330
2280
0
1650
1690
970
650
3300
3270
1590
1280
0
1670
1670
1580
1550
1690
1570
2410
2440
3110
3620
3630
0
0
3020
1570
0
1630
1650
3860
1220
3720
6900
0
3880
830
2840
2300
2530
2440
3840
2080
0
3040
1650
1580
0
3480
3420
3070
1700
1360
0
1690
1650
1670
1640
1000
1330
2310
2000
0
1580
1640
1550
1560
1550
1550
1750
1690
1500
1490
0
0
0
1860
1820
1680
1660
1660
1650
2240
2240
2230
3010
2140
2090
2670
1770
2000
1960
2170
2210
0
2560
1250
1250
1430
1820
0
0
1850
1640
1690
1580
2000
290
3300
2270
2210
1860
1830
0
1930
3230
1670
1630
0
0
0
1650
1910
1480
1490
1500
1490
1680
1640
980
1640
1650
1660
0
1360
1470
1480
1640
1650
1650
1640
1640
1490
1640
1640
2210
0
0
1470
1480
1640
0
0
0
0
0
0
2000
2210
0
0
0
0
0
0
0
0
0
0
0
0
0
0
0
0
0
0
0
0
0
0
0
0
7130
1490
1250
2410
1630
7040
7030
1250
3780
3810
2570
970
910
0
0
2010
2220
2110
1830
1720
0
0
0
3200
0
1620
2800
1360
7100
1580
1910
1910
1890
1900
1480
1460
0
1890
2060
2020
1240
1280
1480
970
980
970
970
1710
0
0
3100
3030
3010
2500
2100
1650
1720
0
1740
980
970
430
2110
0
1480
1490
1460
1500
1550
1650
2350
1280
1010
1270
1010
980
1280
1280
0
0
0
3390
1780
7290
1640
950
1740
3540
3010
1480
1490
1490
1480
1490
1450
1500
3660
370
1770
0
3270
3210
1500
1470
1490
2300
1650
980
2220
2410
2310
2300
3830
960
980
950
3880
3590
2270
2180
2500
1730
1840
0
3360
3470
0
2450
2670
2130
2230
3960
1570
1850
1830
3420
1810
1550
1840
1830
1690
3760
1630
1480
1460
990
980
990
980
290
0
0
2760
0
1870
1690
2420
2440
2070
420
2550
2440
2440
1240
1240
2010
2770
1490
1480
1850
1260
3650
3600
2960
2600
2370
2360
2860
3020
1850
0
3290
0
1730
7030
1650
970
660
1610
1490
2220
1470
1490
1470
1480
370
3500
0
1650
1780
1010
3430
1480
1490
1830
1690
1690
1250
1660
1700
1760
980
2240
1700
1500
990
2070
2080
2890
1700
980
840
2910
2140
2220
2210
1850
1870
2110
2060
2090
3290
2310
3220
0
3430
980
7140
3000
2230
2180
2110
2080
2070
2200
2210
2190
2240
2200
1870
2010
1480
1480
2170
2080
2070
1890
2200
2170
2240
2220
2200
1870
1500
0
1480
3790
3760
1240
3820
3570
2530
0
2110
2140
2280
2320
2300
2070
1550
1770
2230
3720
3880
2120
3860
2210
2140
0
3470
850
1430
3040
2140
0
2220
2330
2300
2280
2130
1480
3300
3010
2520
2510
1770
1770
2130
1830
1670
1710
1850
2880
2870
3030
2960
2870
3280
2210
2220
2970
2270
2140
1640
2080
0
1670
2520
1650
0
2550
3270
3570
3810
3290
2310
2310
2170
3300
2140
1710
1640
6380
2810
2660
2450
2290
2270
2180
1740
0
0
3410
2960
1250
2300
3290
3310
0
980
1250
2260
1520
1610
3250
2590
2620
2230
3060
1580
1550
3750
2410
2210
3240
1870
3190
0
1550
1480
1270
1240
840
1640
1570
1470
1510
1700
1660
1650
0
940
3030
1480
2200
2170
0
1680
1660
1640
2340
2260
360
2560
2320
2300
2630
0
1650
3250
3260
3300
3250
1830
1630
0
3250
1730
930
940
1490
930
3340
2250
3030
3650
3570
0
0
3360
3350
1640
2270
850
1640
0
840
7060
1710
3880
1650
2740
3660
3890
3860
3210
3670
7080
1730
1700
1240
1480
3260
0
3020
1580
1640
1640
3070
1650
1650
1680
3500
3300
2270
2320
2290
3450
1640
1630
1250
1560
1550
0
1630
1500
1500
1840
0
0
3040
1800
1250
1660
1670
1650
1650
2220
2210
3130
2130
2110
2950
3170
2490
2480
2200
2190
2190
1290
1280
1250
1450
1820
6890
1850
1820
1690
1640
1700
1690
3460
3290
2310
1950
1840
1450
2970
3040
2180
1680
1640
1710
0
7050
1690
1720
1480
1470
1490
1510
1510
1450
1470
1650
1650
1640
1650
1490
1500
1480
1680
1640
1640
1650
1650
1650
1650
1640
1680
0
1500
1500
0
0
0
0
0
0
0
0
0
0
0
0
0
0
0
0
0
0
0
0
0
0
0
0
0
0
0
0
0
0
0
0
0
0
0
2000
1860
2290
3290
330
330
1890
1700
2270
0
950
1570
6740
1440
830
950
950
910
320
1740
0
0
0
0
3100
0
1440
1870
1960
2990
1850
3480
2040
2170
2170
1900
2170
2110
2080
2480
2110
2220
2180
2290
2280
2950
1740
0
0
3070
1850
550
1840
6980
1640
1610
370
2180
2230
2430
3410
2460
2470
2260
2180
0
3060
1850
3840
3000
3040
2340
2330
2840
1810
1790
0
0
0
290
1650
1640
2260
1410
990
1490
0
2010
2260
2250
2220
2170
2150
1640
1730
1650
1410
0
0
0
2260
2250
2200
2220
2180
2230
1650
1750
3810
2310
2290
3730
950
930
2250
3760
2160
2270
2220
2770
1870
1730
0
0
3480
0
2300
2440
4500
2170
2320
1580
1500
1850
3830
1720
1800
1880
1850
2080
6380
1660
1650
1500
960
990
1280
1270
1020
340
0
0
2970
1740
1500
1120
2100
2070
410
2600
2480
2450
910
1660
1250
2460
1860
1730
1840
1820
1250
0
3300
2260
2250
2340
2320
1630
2200
0
3160
0
0
1730
1650
1650
660
1580
1500
2210
1830
1480
1470
1480
1480
3520
0
0
360
1010
3420
3410
1490
1830
0
1690
1660
990
1660
1760
980
1240
1690
1500
1500
2070
2070
2090
1700
980
840
2910
2230
2220
2210
2200
1870
2140
2060
2080
3030
0
3260
0
3430
990
7490
3040
2230
2190
2830
2080
2070
2180
2210
2180
2230
2220
1840
2010
1970
1480
2170
2090
2070
980
2200
2230
2180
2220
2200
1830
2010
1970
1970
2170
3810
1230
3800
3560
2530
2550
2120
2280
2330
2320
2290
2070
1640
1620
1840
0
3750
3690
2130
2210
2150
0
3490
850
830
3090
3030
6880
2230
2270
2290
2280
2140
1500
2880
2530
2480
2460
1770
1730
2170
1830
1690
1710
1240
1740
0
2860
2510
2880
2450
2600
2220
2160
2220
2140
2060
2060
0
0
3530
1650
1620
3050
3410
3570
3810
3300
2270
3370
2230
3300
2130
1610
1640
6230
7010
3060
2130
2340
2260
2190
3480
1610
0
3710
3470
1000
1280
3290
3340
0
3240
1250
1240
1350
1650
1670
2590
2620
2230
3210
1240
3930
0
2450
2230
2270
3410
0
0
1560
1480
1270
1240
840
1640
0
3310
1500
1500
1670
1650
0
940
910
1480
3270
2180
1750
1710
1640
1650
2560
2600
2270
0
2430
2330
2270
0
1650
980
1730
3250
980
1740
1600
1650
1630
3490
1570
930
1700
930
910
2200
2200
3570
3800
0
0
2260
3350
830
3350
1630
1650
0
840
850
7020
3880
1670
2700
3070
3890
3860
3220
3650
6960
7000
1720
1560
1230
1610
3390
0
1620
1540
1640
3060
1650
1650
1650
1300
3300
3240
2270
2310
0
1630
1640
1540
1560
1540
1570
1630
1490
1500
1500
0
0
3050
1800
1660
1660
1670
1650
1680
2220
2210
1820
2130
2110
2960
3170
2480
2470
2210
2180
2180
3770
1280
1250
1470
1810
6890
0
3130
1650
1630
1690
1700
3920
0
2310
1950
1830
1920
360
0
2180
1680
1660
1680
1610
7020
1660
1700
1530
1480
1460
1510
1520
1630
1460
1650
1650
1650
3410
1630
1500
1480
2220
2220
1650
1660
1650
1630
1640
1660
2090
2220
2220
2180
2180
2180
2150
0
2230
1770
3110
3300
2310
1830
2950
3300
1320
2800
1640
1650
3300
2310
2180
0
1550
2800
0
2970
2220
2220
3360
3250
2730
1490
1480
1250
1250
1250
1250
0
1860
3330
1480
1650
1660
1660
3080
3080
1480
3050
2200
2070
0
1650
1660
1960
2450
2220
0
2340
2310
2310
3230
3380
3300
2930
3300
3300
1840
1640
0
0
2490
1760
1560
1650
1650
2180
2490
2170
3050
3580
3430
3150
1860
2980
1700
0
1660
1660
1660
1230
3330
0
2760
2490
3050
2850
2310
2510
3000
3010
2090
0
3070
1550
1550
3280
3310
3000
1690
1560
1740
3040
1650
1650
1650
1650
990
2240
2310
2640
2760
1560
1650
1550
1560
1550
0
1740
3330
1480
3410
0
0
0
1850
3340
1660
1660
1660
1660
2230
2210
2220
2200
2080
2740
2750
2200
3460
1980
2220
2220
0
2500
1250
1250
1850
1830
0
2850
3320
1550
1640
1580
2000
0
3300
2310
2220
1850
0
0
2220
2070
1660
1650
3300
0
1750
1770
3460
3460
1480
1490
1570
1660
3460
3270
1660
3320
1600
3300
1480
1480
1480
3300
1650
3300
3290
3330
1600
1650
2000
2230
0
0
0
0
0
500
1870
1650
1640
3030
3410
3340
3810
3300
2280
270
2230
1910
3420
1640
3320
1360
7010
3060
2650
2910
2230
2180
3240
1880
0
3480
3390
1230
2300
3290
2290
0
3440
1250
1630
1340
1650
1660
3270
2620
2990
3040
3890
3920
0
3060
2240
2260
3410
3450
0
1560
1460
1270
1240
840
1550
0
3310
1500
1520
1660
1650
1280
940
910
1470
3280
2190
1760
1710
1640
1650
1660
2620
2260
0
2740
2330
2270
0
1640
980
650
3210
980
1740
1650
0
1620
1890
1570
930
1700
930
900
2180
2200
3480
3430
1640
0
3310
2230
1640
3020
1630
1640
0
1110
850
1570
830
840
0
3080
3890
2200
3390
2610
7030
7000
1630
1570
1230
2010
3370
250
1620
1640
1640
3070
1650
1670
1640
1300
3300
1630
2670
3950
0
1630
1640
1540
1560
1540
0
1630
1650
1500
1500
0
0
3060
1870
1660
1660
1670
1650
1680
2220
2210
1820
2130
2110
2950
3180
3100
2470
2210
2180
1840
1290
1230
1250
1460
1810
1780
1780
3010
1680
1630
1690
1700
1970
300
2310
1950
1830
1920
1640
6910
2180
1680
1660
1660
1640
6840
1660
1700
1530
1480
1460
1020
1010
1630
1650
1650
1650
1630
1650
1670
1630
1640
1680
2260
1680
1610
1650
1630
1690
1660
2390
3800
2260
2150
1850
1840
0
0
3460
3420
1250
3290
2590
3350
370
1250
1240
3800
1550
1660
3240
2620
2230
3160
3890
3860
0
3110
2240
2200
870
3350
0
1480
1470
1240
1240
1240
1250
0
1850
1500
1450
1640
1650
1280
930
980
1480
3240
2180
2220
0
1650
1640
1630
2500
2260
0
2440
2330
2270
0
0
980
980
3210
990
1840
3410
2440
2830
1890
1570
1550
1560
930
920
3410
2200
1630
3430
1740
0
3600
3350
840
3420
1650
1640
0
1170
850
7050
1570
830
1700
3670
3910
3890
3830
3660
3420
7040
1620
1570
1550
1880
3180
250
1630
1630
1640
3070
1630
1670
1640
1670
990
1690
2270
2310
0
990
1640
1540
1560
1240
1540
1630
1630
1500
1500
1460
0
0
1800
1660
1660
1250
1660
1670
2230
2210
1820
2130
2110
1660
3170
3090
2490
2950
2190
2220
0
1600
1260
1460
1810
1840
0
3010
1680
1650
1690
1690
3270
300
2320
2310
2170
1870
360
6960
2180
3320
1650
1650
1720
7060
1690
1700
1530
1480
980
1500
1570
1700
1460
980
1650
1630
1100
1250
1500
1480
1470
1320
980
990
1650
1460
1640
1650
1640
0
0
1500
1480
0
0
0
0
0
0
0
0
0
920
0
0
0
0
0
0
0
0
0
0
0
80
0
0
0
0
0
0
0
0
0
0
0
0
0
0
0
0
0
0
0
0
0
0
0
0
0
0
0
0
0
0
0
0
0
0
0
0
0
0
0
0
0
0
0
0
0
0
0
0
0
0
0
0
0
0
0
0
0
0
0
0
0
0
0
0
0
0
0
0
0
0
0
0
0
0
0
0
0
0
300
290
290
0
0
0
0
0
0
0
0
240
230
240
6360
6480
810
540
5520
550
550
550
550
540
820
810
1840
830
6780
280
520
220
550
550
640
300
0
0
650
1880
1900
340
660
0
690
670
670
360
680
660
670
670
670
5610
640
320
240
240
640
760
740
740
0
540
770
770
850
840
850
6870
770
1130
760
830
820
820
0
470
520
4510
450
7400
6920
2030
810
800
380
380
380
360
310
340
320
0
630
660
650
650
640
1280
340
6660
290
810
940
920
920
280
270
280
550
4520
0
0
250
730
800
270
830
820
0
830
550
5730
290
540
280
280
550
6780
540
530
6650
630
300
930
0
0
260
240
830
960
300
670
980
650
650
660
650
2610
2280
340
370
680
930
1540
610
620
7400
7400
1780
1120
1130
0
0
290
370
1790
800
820
1240
820
380
370
380
2050
820
410
450
470
510
470
450
420
0
840
840
410
1830
5950
6430
660
650
980
980
980
1640
2000
370
1820
1870
360
5960
6620
850
830
840
830
7380
0
550
530
1030
0
0
550
560
560
490
450
440
470
1290
700
720
1110
660
650
660
660
300
0
0
0
0
0
0
0
0
0
0
0
0
0
0
0
0
0
0
0
0
0
0
0
0
0
0
0
0
0
0
0
0
0
0
0
0
0
0
0
0
0
5740
5740
640
640
670
5550
5580
290
290
290
290
330
320
300
6680
280
290
320
300
0
0
0
0
0
0
530
290
1060
640
640
380
370
380
6510
770
1130
400
420
2070
420
420
850
770
670
670
670
0
0
0
0
0
0
390
390
820
840
6550
0
470
480
470
420
420
0
400
770
1140
770
770
1120
820
820
660
660
650
0
0
0
0
0
0
0
0
230
7340
660
650
1880
6750
380
1120
1130
760
0
0
0
0
0
0
0
0
0
0
0
560
290
660
650
0
310
300
330
310
310
1260
1260
3750
290
280
310
290
290
0
0
0
0
0
7370
530
400
380
310
290
1850
1860
360
1860
1120
1850
850
830
4450
450
850
800
660
670
680
0
0
0
0
0
0
380
770
770
820
820
480
470
520
490
770
790
820
1900
1820
1120
1140
820
410
6680
330
650
660
670
6890
5900
0
0
0
0
310
650
550
240
640
380
1130
370
1100
1110
1110
350
0
0
0
0
0
290
1100
1110
1130
0
430
840
830
830
240
240
0
370
1800
1110
2060
400
2060
290
530
6770
6830
650
650
730
1090
730
0
420
410
2920
0
0
0
0
6370
7050
360
360
2200
290
400
1990
800
430
430
420
3740
460
480
1480
1480
1030
420
420
420
400
380
380
370
380
380
0
0
0
0
400
410
1260
290
290
290
7250
300
2710
2650
2280
290
0
0
0
0
0
0
0
0
0
0
0
0
0
0
0
0
0
0
0
0
0
0
320
380
400
400
440
450
890
380
770
810
830
840
0
0
420
420
420
440
440
0
6540
360
830
830
1990
0
0
250
630
6710
290
840
290
4600
290
290
290
280
830
0
830
830
290
6330
530
530
290
540
640
630
0
0
660
1950
1960
650
650
1850
0
660
660
0
670
660
650
660
650
300
6610
1560
290
290
350
760
770
770
0
0
390
760
840
840
420
6360
410
1800
1100
740
840
850
0
490
500
4290
440
440
6610
6810
860
850
480
380
380
0
300
290
2030
0
630
290
680
660
670
680
660
6580
290
850
830
940
950
300
280
550
560
5750
0
0
260
680
830
550
540
810
280
290
820
270
5680
550
560
280
280
280
290
280
530
6800
6810
920
1860
0
0
280
540
850
320
290
660
650
650
660
650
650
340
670
290
680
670
950
1520
640
640
7380
1860
1120
1130
0
0
0
360
740
810
820
820
820
820
400
2270
1900
2040
2040
430
430
470
490
430
420
0
420
830
820
770
1810
7430
0
660
650
980
980
980
650
380
1830
1850
1870
6790
7420
420
820
1240
1240
0
6910
7360
490
490
490
0
0
520
550
480
460
420
0
650
640
650
1080
680
650
660
650
640
0
0
0
0
0
0
0
0
0
0
0
0
0
0
0
0
0
0
0
0
0
0
0
0
0
0
0
0
0
0
0
0
0
0
0
0
0
0
0
0
0
0
0
300
310
670
320
320
310
890
660
300
320
640
6800
6670
290
550
1270
310
300
0
0
0
0
0
0
0
650
650
670
1840
1830
740
6610
380
360
1850
400
410
2070
6740
410
390
320
330
330
330
0
0
0
0
0
0
760
1130
800
820
460
450
500
470
400
410
410
340
740
760
760
1780
790
830
320
330
330
330
330
0
0
0
0
0
340
1710
300
270
360
370
380
5730
380
370
370
380
0
0
0
0
0
0
0
0
0
0
0
300
320
1000
310
300
300
290
320
310
310
1560
1270
6370
300
290
320
640
290
0
0
0
0
7160
0
1830
380
380
360
320
790
1130
770
370
1860
1130
1250
830
420
4390
860
830
660
670
670
350
0
0
0
0
0
0
740
740
810
840
380
460
450
480
0
830
860
0
790
770
1150
760
840
420
0
320
600
660
650
670
0
0
0
0
0
0
0
0
240
640
290
370
380
1100
1120
1110
370
0
0
0
220
6850
650
1110
1120
1110
0
840
850
830
7210
640
0
360
1060
1110
1110
410
2030
2030
630
5790
6060
640
640
370
1110
1860
740
430
420
420
420
0
0
0
650
0
0
370
370
380
420
410
0
6500
440
440
400
460
450
490
490
480
0
400
410
0
360
350
370
370
380
0
0
0
0
0
410
1240
300
270
270
5980
340
2310
320
640
650
0
0
0
0
0
0
0
0
0
0
0
0
0
0
0
260
250
0
0
0
0
0
0
290
370
410
400
450
890
890
1920
1860
840
830
2070
0
0
420
410
830
440
430
1900
350
360
810
830
820
0
0
650
7310
7300
1910
560
250
280
290
280
280
830
840
860
820
830
6420
270
520
220
540
620
630
290
0
0
340
650
1900
320
650
0
370
660
670
0
670
660
660
2310
330
5780
330
320
290
350
680
770
770
760
0
0
400
770
1260
1270
6250
6710
1850
1790
730
500
810
820
0
480
500
3860
440
0
7110
430
810
800
370
370
1840
0
310
320
530
0
650
320
660
660
650
660
5960
6150
300
850
1260
940
290
270
280
280
550
0
0
0
270
680
700
260
280
820
0
280
800
5640
0
550
550
290
290
280
290
530
6900
6780
620
290
960
930
0
0
330
640
1320
680
660
660
650
660
660
660
330
520
0
700
650
940
610
630
6850
6790
1810
1130
1840
0
0
260
710
690
800
810
820
810
380
380
380
420
2010
820
420
450
490
460
410
0
0
800
810
800
1830
6790
6810
660
640
650
980
980
990
650
370
1880
1890
1890
5780
6790
440
430
430
0
0
6920
0
490
490
1000
0
510
1010
550
530
450
430
460
0
660
650
730
700
660
660
660
660
0
0
0
0
0
0
0
0
0
0
0
0
0
